,favorite,retweet,tweet_id
0,38828,8593,892420643555336193
1,33260,6314,892177421306343426
2,25054,4191,891815181378084864
3,42204,8706,891689557279858688
4,40353,9477,891327558926688256
5,20241,3136,891087950875897856
6,11862,2088,890971913173991426
7,65591,19056,890729181411237888
8,27788,4301,890609185150312448
9,31961,7475,890240255349198849
10,30672,7394,890006608113172480
11,27814,5008,889880896479866881
12,48167,10145,889665388333682689
13,27190,4578,889638837579907072
14,15106,2254,889531135344209921
15,25322,5476,889278841981685760
16,29108,4530,888917238123831296
17,25608,4380,888804989199671297
18,19930,3612,888554962724278272
19,21777,3521,888078434458587136
20,30221,5437,887705289381826560
21,46268,11754,887517139158093824
22,69185,18385,887473957103951883
23,33729,10491,887343217045368832
24,30564,6006,887101392804085760
25,35181,7829,886983233522544640
26,12085,3322,886736880519319552
27,22446,4504,886680336477933568
28,21155,3204,886366144734445568
29,116,4,886267009285017600
30,28008,6339,886258384151887873
31,0,104,886054160059072513
32,32740,6868,885984800019947520
33,36032,6492,885528943205470208
34,20446,3789,885518971528720385
35,0,18727,885311592912609280
36,21967,4413,885167619883638784
37,77588,18601,884925521741709313
38,27963,5833,884876753390489601
39,24320,4910,884562892145688576
40,27008,5697,884441805382717440
41,73098,20621,884247878851493888
42,20404,3011,884162670584377345
43,21924,3478,883838122936631299
44,46010,10044,883482846933004288
45,22578,3712,883360690899218434
46,37251,6734,883117836046086144
47,23972,3955,882992080364220416
48,28349,4966,882762694511734784
49,27920,6151,882627270321602560
50,45018,11710,882268110199369728
51,29395,5035,882045870035918850
52,24324,3422,881906580714921986
53,50604,10780,881666595344535552
54,128,7,881633300179243008
55,49519,16145,881536004380872706
56,23097,5200,881268444196462592
57,17017,2803,880935762899988482
58,21322,3856,880872448815771648
59,28562,6350,880465832366813184
60,27109,4275,880221127280381952
61,27661,4400,880095782870896641
62,22331,3532,879862464715927552
63,314,10,879674319642796034
64,23437,3217,879492040517615616
65,106029,44639,879415818425184262
66,16786,3151,879376492567855104
67,0,6917,879130579576475649
68,22622,4769,879050749262655488
69,18992,2722,879008229531029506
70,19400,4167,878776093423087618
71,30332,7322,878604707211726852
72,0,1310,878404777348136964
73,0,6733,878316110768087041
74,7769,1310,878281511006478336
75,42109,6917,878057613040115712
76,80051,19400,877736472329191424
77,0,81,877611172832227328
78,22798,3869,877556246731214848
79,27401,5237,877316821321428993
80,27195,5669,877201837425926144
81,20711,3408,876838120628539392
82,23488,4669,876537666061221889
83,18810,2434,876484053909872640
84,27990,4756,876120275196170240
85,25260,4353,875747767867523072
86,21979,4992,875144289856114688
87,27488,6131,875097192612077568
88,25548,4785,875021211251597312
89,27929,4711,874680097055178752
90,0,15004,874434818259525634
91,26137,4179,874296783580663808
92,22722,4016,874057562936811520
93,34817,10638,874012996292530176
94,24356,4011,873580283840344065
95,0,1615,873337748698140672
96,7298,1615,873213775632977920
97,27513,5499,872967104147763200
98,14793,3761,872820683541237760
99,0,28,872668790621863937
100,20902,3777,872620804844003328
101,40922,9178,872486979161796608
102,34444,6454,872261713294495745
103,34661,8289,872122724285648897
104,38298,11463,871879754684805121
105,20395,3549,871762521631449091
106,20364,3525,871515927908634625
107,0,5810,871166179821445120
108,21072,5605,871102520638267392
109,22834,3886,871032628920680449
110,33924,6366,870804317367881728
111,120,3,870726314365509632
112,12549,2711,870656317836468226
113,83469,26889,870374049280663552
114,22023,4258,870308999962521604
115,37049,8573,870063196459192321
116,42862,10322,869772420881756160
117,28575,6499,869702957897576449
118,16169,3219,869596645499047938
119,20671,3899,869227993411051520
120,66494,14941,868880397819494401
121,0,2158,868639477480148993
122,27608,5940,868622495443632128
123,10312,2158,868552278524837888
124,24513,4304,867900495410671616
125,34495,7561,867774946302451713
126,16410,2596,867421006826221569
127,0,131,867072653475098625
128,32776,8146,867051520902168576
129,20445,5001,866720684873056260
130,19682,3613,866686824827068416
131,124471,36521,866450705531457537
132,53573,15004,866334964761202691
133,0,8672,866094527597207552
134,26083,5808,865718153858494464
135,26990,5188,865359393868664832
136,28550,7952,865006731092295680
137,32971,9046,864873206498414592
138,14922,3161,864279568663928832
139,30818,9296,864197398364647424
140,21068,4300,863907417377173506
141,15619,4343,863553081350529029
142,0,2576,863471782782697472
143,24327,5479,863432100342583297
144,2311,100,863427515083354112
145,8961,1146,863079547188785154
146,8740,2576,863062471531167744
147,19625,5284,862831371563274240
148,17473,3686,862722525377298433
149,21043,5177,862457590147678208
150,76437,24323,862096992088072192
151,36956,11159,861383897657036800
152,17632,4348,861288531465048066
153,17159,3984,861005113778896900
154,0,2255,860981674716409858
155,0,854,860924035999428608
156,7701,2255,860563773140209665
157,24230,5514,860524505164394496
158,18785,3634,860276583193509888
159,17138,6116,860184849394610176
160,0,32374,860177593139703809
161,20072,4290,859924526012018688
162,15816,3664,859851578198683649
163,19109,1652,859607811541651456
164,92501,31745,859196978902773760
165,34890,14278,859074603037188101
166,0,8538,858860390427611136
167,16000,3648,858843525470990336
168,22152,5086,858471635011153920
169,16209,3057,858107933456039936
170,16608,2715,857989990357356544
171,35316,11167,857746408056729600
172,6108,1719,857393404942143489
173,20639,4771,857263160327368704
174,237,20,857214891891077121
175,0,179,857062103051644929
176,19530,4219,857029823797047296
177,0,11292,856602993587888130
178,16820,3042,856543823941562368
179,12216,1987,856526610513747968
180,0,714,856330835276025856
181,534,17,856288084350160898
182,28592,6674,856282028240666624
183,361,28,855862651834028034
184,5134,1098,855860136149123072
185,12237,2243,855857698524602368
186,46993,18706,855851453814013952
187,27538,5769,855818117272018944
188,31049,8729,855459453768019968
189,0,6342,855245323840757760
190,0,49,855138241867124737
191,23722,6493,854732716440526848
192,30480,7330,854482394044301312
193,19646,4998,854365224396361728
194,33237,7983,854120357044912130
195,16838,3347,854010172552949760
196,29799,6193,853760880890318849
197,36418,10866,853639147608842240
198,16206,3812,853299958564483072
199,0,2168,852936405516943360
200,9452,1975,852912242202992640
201,15608,2302,852672615818899456
202,17133,3767,852553447878664193
203,34676,10621,852311364735569921
204,20938,7328,852226086759018497
205,11991,1695,852189679701164033
206,0,10372,851953902622658560
207,0,23,851861385021730816
208,16985,3721,851591660324737024
209,25452,7603,851464819735769094
210,21691,6163,851224888060895234
211,32635,10022,850753642995093505
212,13711,2816,850380195714523136
213,3586,360,850333567704068097
214,17168,4126,850145622816686080
215,21522,5288,850019790995546112
216,32066,8212,849776966551130114
217,0,5361,849668094696017920
218,16709,3387,849412302885593088
219,12042,2044,849336543269576704
220,44719,9220,849051919805034497
221,26581,4672,848690551926992896
222,26114,4980,848324959059550208
223,8630,809,848213670039564288
224,17265,3335,848212111729840128
225,0,3531,847978865427394560
226,0,464,847971574464610304
227,24800,5549,847962785489326080
228,5801,1463,847842811428974592
229,7405,456,847617282490613760
230,19807,3667,847606175596138505
231,21585,4650,847251039262605312
232,21123,6354,847157206088847362
233,22657,3457,847116187444137987
234,21247,4267,846874817362120707
235,47314,12622,846514051647705089
236,14981,3367,846505985330044928
237,33621,9855,846153765933735936
238,32653,10691,846139713627017216
239,16935,3134,846042936437604353
240,31056,9523,845812042753855489
241,26614,5205,845677943972139009
242,8089,1987,845397057150107648
243,24742,5869,845306882940190720
244,0,8375,845098359547420673
245,14468,2824,844979544864018432
246,16057,3507,844973813909606400
247,41131,11292,844704788403113984
248,17489,3421,844580511645339650
249,14464,2390,844223788422217728
250,16028,3184,843981021012017153
251,22730,5047,843856843873095681
252,17936,2988,843604394117681152
253,22841,6616,843235543001513987
254,16164,3911,842846295480000512
255,7174,1399,842765311967449089
256,19240,3822,842535590457499648
257,26061,6342,842163532590374912
258,14916,3305,842115215311396866
259,0,16878,841833993020538882
260,27280,8485,841680585030541313
261,13456,4026,841439858740625411
262,21026,5938,841320156043304961
263,16929,5155,841314665196081154
264,24418,5810,841077006473256960
265,0,1925,840761248237133825
266,0,17791,840728873075638272
267,194,2,840698636975636481
268,13121,1081,840696689258311684
269,9582,1925,840632337062862849
270,17561,5007,840370681858686976
271,20552,6291,840268004936019968
272,14335,2524,839990271299457024
273,29383,8538,839549326359670784
274,0,155,839290600511926273
275,29049,7199,839239871831150596
276,20959,4379,838952994649550848
277,11934,2283,838921590096166913
278,0,37,838916489579200512
279,0,12194,838831947270979586
280,11657,1462,838561493054533637
281,24181,5307,838476387338051585
282,0,11146,838201503651401729
283,1792,358,838150277551247360
284,149,0,838085839343206401
285,18841,3463,838083903487373313
286,36563,8672,837820167694528512
287,4112,488,837482249356513284
288,13702,2548,837471256429613056
289,22610,5830,837366284874571778
290,17123,2642,837110210464448512
291,13618,2530,836989968035819520
292,20594,5085,836753516572119041
293,13496,2448,836677758902222849
294,0,607,836648853927522308
295,0,30428,836397794269200385
296,15743,3241,836380477523124226
297,22735,4727,836260088725786625
298,20470,4752,836001077879255040
299,0,9036,835685285446955009
300,19074,4001,835574547218894849
301,0,1878,835536468978302976
302,0,23247,835309094223372289
303,17547,3299,835297930240217089
304,8320,1878,835264098648616962
305,2233,81,835246439529840640
306,27985,6345,835172783151792128
307,24080,3345,835152434251116546
308,11612,1823,834931633769889797
309,22615,6028,834786237630337024
310,14701,2804,834574053763584002
311,0,11794,834477809192075265
312,10312,1849,834458053273591808
313,22107,5297,834209720923721728
314,16885,4013,834167344700198914
315,10780,2353,834089966724603904
316,13999,2449,834086379323871233
317,14378,2659,833863086058651648
318,16449,3803,833826103416520705
319,0,241,833732339549220864
320,22178,3543,833722901757046785
321,15955,2283,833479644947025920
322,21685,5361,833124694597443584
323,14284,2453,832998151111966721
324,0,42,832769181346996225
325,18055,4009,832757312314028032
326,12755,3263,832682457690300417
327,3139,576,832645525019123713
328,17036,3103,832636094638288896
329,12850,2470,832397543355072512
330,18425,3531,832369877331693569
331,12139,2589,832273440279240704
332,0,6863,832215909146226688
333,0,10386,832215726631055365
334,72,2,832088576586297345
335,0,10795,832040443403784192
336,19208,5169,832032802820481025
337,25816,6819,831939777352105988
338,366,36,831926988323639298
339,29737,7243,831911600680497154
340,11234,2011,831670449226514432
341,7724,2168,831650051525054464
342,9689,2555,831552930092285952
343,9861,1694,831322785565769729
344,6989,1233,831315979191906304
345,12581,2705,831309418084069378
346,12812,2277,831262627380748289
347,8577,1671,830956169170665475
348,72027,18727,830583320585068544
349,0,6337,830173239259324417
350,10585,3349,830097400375152640
351,0,5579,829878982036299777
352,13179,2185,829861396166877184
353,34182,11794,829501995190984704
354,11284,2263,829449946868879360
355,37325,10372,829374341691346946
356,26401,8246,829141528400556032
357,57089,18060,829011960981237760
358,0,3784,828801551087042563
359,27536,6537,828770345708580865
360,39452,12488,828708714936930305
361,10260,1493,828650029636317184
362,6769,1275,828409743546925057
363,8244,1424,828408677031882754
364,13613,2472,828381636999917570
365,7973,1184,828376505180889089
366,13508,3255,828372645993398273
367,2362,191,828361771580813312
368,12690,3179,828046555563323392
369,11161,2385,828011680017821696
370,21738,5824,827933404142436356
371,16667,3343,827653905312006145
372,8007,1053,827600520311402496
373,17143,3409,827324948884643840
374,11424,2499,827199976799354881
375,23318,5579,826958653328592898
376,39449,11457,826848821049180160
377,0,4390,826615380357632002
378,5530,284,826598799820865537
379,10877,2618,826598365270007810
380,19893,4680,826476773533745153
381,14329,2889,826240494070030336
382,5264,1049,826204788643753985
383,16933,3490,826115272272650244
384,11308,2087,825876512159186944
385,13758,2779,825829644528148480
386,56232,19202,825535076884762624
387,19794,5109,825147591692263424
388,0,1440,825120256414846976
389,6876,1440,825026590719483904
390,0,6123,824796380199809024
391,16196,3939,824775126675836928
392,10899,1942,824663926340194305
393,12748,11591,824325613288833024
394,16265,4316,824297048279236611
395,5168,665,824025158776213504
396,11524,3030,823939628516474880
397,0,12597,823719002937630720
398,13600,2698,823699002998870016
399,14107,2962,823581115634085888
400,758,29,823333489516937216
401,17062,4510,823322678127919110
402,0,11034,823269594223824897
403,18746,3850,822975315408461824
404,143494,49166,822872901745569793
405,14298,2552,822859134160621569
406,0,7171,822647212903690241
407,15999,3316,822610361945911296
408,19670,7171,822489057087389700
409,31022,16554,822462944365645825
410,38002,11034,822244816520155136
411,0,5399,822163064745328640
412,12333,2627,821886076407029760
413,0,3742,821813639212650496
414,9146,1864,821765923262631936
415,8693,1978,821522889702862852
416,0,6261,821421320206483457
417,12802,4890,821407182352777218
418,276,10,821153421864615936
419,9485,2259,821149554670182400
420,10427,2387,821107785811234820
421,13714,2563,821044531881721856
422,0,7499,820837357901512704
423,34279,11146,820749716845686786
424,13260,3621,820690176645140481
425,0,633,820494788566847489
426,0,2896,820446719150292993
427,3622,633,820314633777061888
428,21479,7041,820078625395449857
429,0,1325,820013781606658049
430,5786,1325,819952236453363712
431,13984,5432,819924195358416896
432,14606,3517,819711362133872643
433,10385,2209,819588359383371776
434,7851,1346,819347104292290561
435,2493,453,819238181065359361
436,25101,7499,819227688460238848
437,0,41040,819015337530290176
438,0,21170,819015331746349057
439,48997,21170,819006400881917954
440,93749,41040,819004803107983360
441,0,23405,818646164899774465
442,24124,8346,818627210458333184
443,10735,2895,818614493328580609
444,0,6919,818588835076603904
445,11884,2784,818536468981415936
446,0,9110,818307523543449600
447,11971,2559,818259473185828864
448,13380,2916,818145370475810820
449,5254,887,817908911860748288
450,56434,30428,817827839487737858
451,11632,2992,817777686764523521
452,12836,3403,817536400337801217
453,0,3809,817502432452313088
454,37292,16878,817423860136083457
455,6121,1079,817415592588222464
456,0,9565,817181837579653120
457,9493,2258,817171292965273600
458,13209,2943,817120970343411712
459,9323,1853,817056546584727552
460,0,5313,816829038950027264
461,10882,2291,816816676327063552
462,10667,2471,816697700272001025
463,33293,9110,816450570814898180
464,9367,2197,816336735214911488
465,9713,2418,816091915477250048
466,0,1179,816062466425819140
467,0,5974,816014286006976512
468,5441,1179,815990720817401858
469,24493,9565,815966073409433600
470,0,4640,815745968457060357
471,10712,2550,815736392542261248
472,8960,1849,815639385530101762
473,11246,4272,815390420867969024
474,8321,1456,814986499976527872
475,12286,3048,814638523311648768
476,0,6552,814578408554463233
477,9451,2086,814530161257443328
478,31334,9778,814153002265309185
479,0,3631,813944609378369540
480,10119,2117,813910438903693312
481,39599,15772,813812741911748608
482,9098,1982,813800681631023104
483,20366,8204,813217897535406080
484,9990,2022,813202720496779264
485,21631,4914,813187593374461952
486,10190,2165,813172488309972993
487,8440,2489,813157409116065792
488,9168,2654,813142292504645637
489,4867,497,813130366689148928
490,12945,3528,813127251579564032
491,11265,3104,813112105746448384
492,11467,4073,813096984823349248
493,10776,3117,813081950185472002
494,8668,2186,813066809284972545
495,22845,8235,813051746834595840
496,8250,2149,812781120811126785
497,0,7822,812747805718642688
498,7222,1609,812709060537683968
499,6642,1380,812503143955202048
500,8724,2171,812466873996607488
501,14935,4131,812372279581671427
502,7935,1587,811985624773361665
503,8242,1815,811744202451197953
504,6087,836,811647686436880384
505,13980,3534,811627233043480576
506,22806,7207,811386762094317568
507,5825,1608,810984652412424192
508,9868,2012,810896069567610880
509,11969,2971,810657578271330305
510,38746,12908,810284430598270976
511,16033,3784,810254108431155201
512,16903,4390,809920764300447744
513,0,5534,809808892968534016
514,7565,1657,809448704142938112
515,21776,6337,809220051211603969
516,14414,3951,809084759137812480
517,11024,3425,808838249661788160
518,8620,2439,808733504066486276
519,12323,2918,808501579447930884
520,46423,23405,808344865868283904
521,0,6729,808134635716833280
522,9515,2457,808106460588765185
523,13739,3982,808001312164028416
524,15935,4151,807621403335917568
525,123090,61166,807106840509214720
526,0,8282,807059379405148160
527,14232,4297,807010152071229440
528,82242,39468,806629075125202948
529,0,6220,806620845233815552
530,5283,2178,806576416489959424
531,11147,2677,806542213899489280
532,0,13200,806242860592926720
533,7004,1352,806219024703037440
534,0,6058,805958939288408065
535,9027,2140,805932879469572096
536,7183,2066,805826884734976000
537,0,9096,805823200554876929
538,6261,1865,805520635690676224
539,9568,2855,805487436403003392
540,8497,1915,805207613751304193
541,15013,4346,804738756058218496
542,6726,2268,804475857670639616
543,0,3627,804413760345620481
544,48758,18292,804026241225523202
545,10986,3124,803773340896923648
546,0,8398,803692223237865472
547,12008,4679,803638050916102144
548,8459,2096,803380650405482500
549,0,6028,803321560782307329
550,10964,2784,803276597545603072
551,9861,2260,802952499103731712
552,0,3300,802624713319034886
553,7779,1656,802600418706604034
554,9774,2828,802572683846291456
555,17768,6599,802323869084381190
556,6923,1530,802265048156610565
557,9912,2938,802239329049477120
558,0,303,802185808107208704
559,8437,1928,801958328846974976
560,1921,263,801854953262350336
561,8952,2323,801538201127157760
562,6632,936,801285448605831168
563,26829,6729,801167903437357056
564,0,4492,801127390143516673
565,8822,2357,801115127852503040
566,756,109,800859414831898624
567,0,1839,800855607700029440
568,11469,3124,800751577355128832
569,14387,3395,800513324630806528
570,10332,2422,800459316964663297
571,0,4891,800443802682937345
572,12196,3158,800388270626521089
573,0,4444,800188575492947969
574,16731,2896,800141422401830912
575,31065,14899,800018252395122689
576,0,5306,799774291445383169
577,9193,2439,799757965289017345
578,8791,2157,799422933579902976
579,0,6263,799308762079035393
580,10846,3135,799297110730567681
581,8847,2781,799063482566066176
582,14413,5062,798933969379225600
583,8115,1621,798925684722855936
584,0,7481,798705661114773508
585,0,8837,798701998996647937
586,0,7356,798697898615730177
587,0,5626,798694562394996736
588,0,2620,798686750113755136
589,0,5352,798682547630837760
590,0,6278,798673117451325440
591,0,4393,798665375516884993
592,0,2090,798644042770751489
593,0,2215,798628517273620480
594,0,6457,798585098161549313
595,0,6660,798576900688019456
596,0,3802,798340744599797760
597,11344,2875,798209839306514432
598,12753,3552,797971864723324932
599,15883,5474,797545162159308800
600,21896,7487,797236660651966464
601,251,32,797165961484890113
602,0,10077,796904159865868288
603,8394,2143,796865951799083009
604,12991,3454,796759840936919040
605,0,8273,796563435802726400
606,8296,1990,796484825502875648
607,12069,4706,796387464403357696
608,0,16177,796177847564038144
609,35445,16177,796149749086875649
610,5415,2016,796125600683540480
611,9935,2733,796116448414461957
612,9252,2613,796080075804475393
613,11823,4173,796031486298386433
614,54584,26915,795464331001561088
615,11059,3236,795400264262053889
616,17773,6123,795076730285391872
617,0,3810,794983741416415232
618,11253,2615,794926597468000259
619,0,11633,794355576146903043
620,10454,2988,794332329137291264
621,10085,3758,794205286408003585
622,18451,5534,793962221541933056
623,10072,2119,793845145112371200
624,0,3531,793614319594401792
625,8724,1848,793601777308463104
626,11708,2691,793500921481273345
627,26967,10386,793286476301799424
628,9445,2664,793271401113350145
629,21873,9408,793256262322548741
630,11541,3706,793241302385262592
631,10762,3227,793226087023144960
632,9775,3184,793210959003287553
633,16728,6342,793195938047070209
634,7570,2240,793180763617361921
635,10286,3146,793165685325201412
636,6752,1930,793150605191548928
637,7067,2801,793135492858580992
638,13890,4402,793120401413079041
639,15723,4543,792913359805018113
640,12386,4826,792883833364439040
641,8037,1899,792773781206999040
642,14787,4845,792394556390137856
643,7861,2029,792050063153438720
644,0,23748,791821351946420224
645,0,10927,791784077045166082
646,0,4292,791780927877898241
647,49345,25111,791774931465953280
648,12854,3531,791672322847637504
649,14378,4640,791406955684368384
650,9626,2865,791312159183634433
651,0,4665,791026214425268224
652,10838,2413,790987426131050500
653,18186,5313,790946055508652032
654,0,2617,790723298204217344
655,8982,2151,790698755171364864
656,22640,8087,790581949425475584
657,8562,2105,790337589677002753
658,13751,3631,790277117346975746
659,0,4049,790227638568808452
660,10136,2617,789986466051088384
661,0,4695,789960241177853952
662,11387,4673,789903600034189313
663,8255,2011,789628658055020548
664,7430,2181,789599242079838210
665,12874,3810,789530877013393408
666,9429,2603,789314372632018944
667,0,5593,789280767834746880
668,9988,2923,789268448748703744
669,10635,3150,789137962068021249
670,29974,13997,788908386943430656
671,30027,11633,788765914992902144
672,0,8161,788552643979468800
673,17081,5987,788412144018661376
674,7912,2403,788178268662984705
675,6730,1471,788150585577050112
676,0,3850,788070120937619456
677,6714,1492,788039637453406209
678,9498,3440,787810552592695296
679,11177,3136,787717603741622272
680,11857,3194,787397959788929025
681,8534,1971,787322443945877504
682,0,7558,787111942498508800
683,29061,9036,786963064373534720
684,0,2735,786729988674449408
685,19889,6863,786709082849828864
686,11684,2898,786664955043049472
687,10283,3501,786595970293370880
688,11928,3956,786363235746385920
689,8737,3237,786286427768250368
690,16774,5399,786233965241827333
691,1574,174,786051337297522688
692,0,7968,786036967502913536
693,12435,3557,785927819176054784
694,7311,2062,785872687017132033
695,8538,2494,785639753186217984
696,9972,2268,785533386513321988
697,6665,1427,785515384317313025
698,7947,1848,785264754247995392
699,13231,5489,785170936622350336
700,11097,3627,784826020293709826
701,9810,2859,784517518371221505
702,6211,1445,784431430411685888
703,21999,9096,784183165795655680
704,32703,12597,784057939640352768
705,32883,12194,783839966405230592
706,8042,2216,783821107061198850
707,11398,3624,783695101801398276
708,9252,2539,783466772167098368
709,18469,6213,783391753726550016
710,0,6327,783347506784731136
711,31943,13201,783334639985389568
712,8899,2494,783085703974514689
713,26369,8282,782969140009107456
714,8147,1569,782747134529531904
715,18847,6058,782722598790725632
716,8508,2118,782598640137187329
717,18214,6261,782305867769217024
718,0,7023,782021823840026624
719,12108,3786,781955203444699136
720,11402,3046,781661882474196992
721,4369,1256,781655249211752448
722,22660,6220,781524693396357120
723,7788,2865,781308096455073793
724,9225,2364,781251288990355457
725,10652,3065,781163403222056960
726,23603,8273,780931614150983680
727,7841,2244,780858289093574656
728,6017,1459,780800785462489090
729,13201,3742,780601303617732608
730,6874,1954,780543529827336192
731,0,4182,780496263422808064
732,0,133,780476555013349377
733,5764,1194,780459368902959104
734,9506,2520,780192070812196864
735,0,2582,780092040432480260
736,13381,5617,780074436359819264
737,20769,7968,779834332596887552
738,9631,3504,779377524342161408
739,0,20686,779124354206535695
740,12878,4092,779123168116150273
741,16136,5086,779056095788752897
742,21836,8186,778990705243029504
743,0,11189,778774459159379968
744,935,411,778764940568104960
745,7527,1500,778748913645780993
746,6297,1680,778650543019483137
747,5067,1137,778624900596654080
748,14866,4882,778408200802557953
749,0,13750,778396591732486144
750,6373,1234,778383385161035776
751,11309,3717,778286810187399168
752,9232,2967,778039087836069888
753,7145,1825,778027034220126208
754,0,3955,777953400541634568
755,6921,1845,777885040357281792
756,12242,3300,777684233540206592
757,0,4790,777641927919427584
758,9535,2801,777621514455814149
759,15588,4847,777189768882946048
760,0,15386,776819012571455488
761,5317,1357,776813020089548800
762,9656,3148,776477788987613185
763,0,10296,776249906839351296
764,32676,17928,776218204058357768
765,10446,2822,776201521193218049
766,12800,4891,776113305656188928
767,2002,171,776088319444877312
768,0,17347,775898661951791106
769,12744,3010,775842724423557120
770,15076,4492,775733305207554048
771,14060,5134,775729183532220416
772,8103,3351,775364825476165632
773,11057,4391,775350846108426240
774,16925,5306,775085132600442880
775,9289,1977,774757898236878852
776,7309,1949,774639387460112384
777,23668,6263,774314403806253056
778,11686,4354,773985732834758656
779,6949,1935,773922284943896577
780,7171,1835,773704687002451968
781,5789,1452,773670353721753600
782,23989,6919,773547596996571136
783,0,5720,773336787167145985
784,25257,8375,773308824254029826
785,10195,3586,773247561583001600
786,10866,4603,773191612633579521
787,9343,4356,772877495989305348
788,8671,2603,772826264096874500
789,0,3771,772615324260794368
790,7042,1900,772581559778025472
791,6528,1552,772193107915964416
792,4100,1261,772152991789019136
793,4072,818,772117678702071809
794,2940,527,772114945936949249
795,4355,1035,772102971039580160
796,7139,2118,771908950375665664
797,13060,3802,771770456517009408
798,8977,2928,771500966810099713
799,11454,5720,771380798096281600
800,0,8453,771171053431250945
801,9988,3264,771136648247640064
802,6748,1606,771102124360998913
803,7470,1849,771014301343748096
804,0,245,771004394259247104
805,5381,1369,770787852854652928
806,5634,1580,770772759874076672
807,0,50911,770743923962707968
808,7956,1951,770655142660169732
809,6837,2307,770414278348247044
810,6767,1666,770293558247038976
811,0,3400,770093767776997377
812,8227,2572,770069151037685760
813,34181,10795,769940425801170949
814,6949,1861,769695466921623552
815,0,8583,769335591808995329
816,5862,1917,769212283578875904
817,15651,7318,768970937022709760
818,0,3026,768909767477751808
819,4562,1002,768855141948723200
820,4471,1349,768609597686943744
821,5466,1427,768596291618299904
822,0,6509,768554158521745409
823,14766,3830,768473857036525572
824,11838,3955,768193404517830656
825,5167,1574,767884188863397888
826,17416,6028,767754930266464257
827,8125,2606,767500508068192258
828,13330,4269,767191397493538821
829,10976,3180,767122157629476866
830,0,6324,766864461642756096
831,5517,1521,766793450729734144
832,2816,428,766714921925144576
833,4378,882,766693177336135680
834,6536,1775,766423258543644672
835,7350,2107,766313316352462849
836,0,2891,766078092750233600
837,4645,975,766069199026450432
838,4053,554,766008592277377025
839,7840,2404,765719909049503744
840,5628,1359,765669560888528897
841,28566,3777,765395769549590528
842,7689,2402,765371061932261376
843,12612,3771,765222098633691136
844,6943,1967,764857477905154048
845,6570,1694,764259802650378240
846,797,59,763956972077010945
847,13690,4665,763837565564780549
848,5879,1652,763183847194451968
849,0,3376,763167063695355904
850,7976,2534,763103485927849985
851,13209,4049,762699858130116608
852,12250,7274,762471784394268675
853,11218,4695,762464539388485633
854,5230,1257,762316489655476224
855,34679,17406,762035686371364864
856,5863,2248,761976711479193600
857,0,4397,761750502866649088
858,4613,952,761745352076779520
859,53671,32374,761672994376806400
860,4477,1308,761599872357261312
861,0,19940,761371037149827077
862,5657,1612,761334018830917632
863,4834,1229,761292947749015552
864,5770,1721,761227390836215808
865,12208,3850,761004547850530816
866,4142,1079,760893934457552897
867,7158,2143,760656994973933572
868,5369,1439,760641137271070720
869,8213,4040,760539183865880579
870,4579,1555,760521673607086080
871,29009,12779,760290219849637889
872,4262,961,760252756032651264
873,6186,2014,760190180481531904
874,0,37,760153949710192640
875,6440,2322,759943073749200896
876,15916,6324,759923798737051648
877,7274,2208,759846353224826880
878,6469,2120,759793422261743616
879,0,23555,759566828574212096
880,5088,1306,759557299618865152
881,9221,2735,759447681597108224
882,1813,546,759446261539934208
883,6567,2162,759197388317847553
884,0,1306,759159934323924993
885,15748,4662,759099523532779520
886,7058,2242,759047813560868866
887,3839,993,758854675097526272
888,12098,4248,758828659922702336
889,6195,1775,758740312047005698
890,4134,1101,758474966123810816
891,5200,2472,758467244762497024
892,5626,2136,758405701903519748
893,3715,1206,758355060040593408
894,20802,11189,758099635764359168
895,2941,421,758041019896193024
896,7448,3605,757741869644341248
897,0,9036,757729163776290825
898,4915,1357,757725642876129280
899,4928,1239,757611664640446465
900,0,322,757597904299253760
901,4718,1178,757596066325864448
902,16407,7568,757400162377592832
903,6322,1939,757393109802180609
904,4890,1584,757354760399941633
905,6775,2207,756998049151549440
906,7192,2226,756939218950160384
907,5490,1468,756651752796094464
908,11264,4026,756526248105566208
909,4277,1199,756303284449767430
910,45947,19393,756288534030475264
911,6967,1699,756275833623502848
912,7936,3194,755955933503782912
913,17800,5966,755206590534418437
914,22937,12293,755110668769038337
915,0,8911,754874841593970688
916,7429,2793,754856583969079297
917,2787,578,754747087846248448
918,5735,2154,754482103782404096
919,4063,817,754449512966619136
920,8475,2584,754120377874386944
921,9514,3992,754011816964026368
922,6329,2423,753655901052166144
923,8558,3961,753420520834629632
924,6257,2121,753398408988139520
925,8228,2582,753375668877008896
926,0,6406,753298634498793472
927,3685,1156,753294487569522689
928,40138,23247,753039830821511168
929,4212,1080,753026973505581056
930,13650,7558,752932432744185856
931,7432,1740,752917284578922496
932,0,3194,752701944171524096
933,6496,1786,752682090207055872
934,4771,1744,752660715232722944
935,6004,2534,752568224206688256
936,7966,3810,752519690950500352
937,4132,1223,752334515931054080
938,0,18486,752309394570878976
939,6432,2050,752173152931807232
940,3336,1031,751950017322246144
941,5644,1487,751937170840121344
942,6275,2166,751830394383790080
943,6336,3235,751793661361422336
944,8531,3352,751598357617971201
945,4769,1238,751583847268179968
946,5440,1402,751538714308972544
947,3461,1096,751456908746354688
948,13511,6511,751251247299190784
949,6817,2024,751205363882532864
950,5495,1441,751132876104687617
951,5180,1545,750868782890057730
952,14283,5593,750719632563142656
953,4813,1273,750506206503038976
954,14237,4790,750429297815552001
955,4906,1262,750383411068534784
956,742,35,750381685133418496
957,3338,1069,750147208377409536
958,3911,1399,750132105863102464
959,4660,1436,750117059602808832
960,3290,931,750101899009982464
961,2341,600,750086836815486976
962,8461,3699,750071704093859840
963,3377,984,750056684286914561
964,3427,685,750041628174217216
965,2925,872,750026558547456000
966,3495,1005,750011400160841729
967,3265,891,749996283729883136
968,5514,2712,749981277374128128
969,5016,1449,749774190421639168
970,6586,1847,749417653287129088
971,2831,604,749403093750648834
972,9276,3833,749395845976588288
973,5921,2448,749317047558017024
974,6220,2295,749075273010798592
975,5168,1674,749064354620928000
976,3345,864,749036806121881602
977,11571,3774,748977405889503236
978,6312,2489,748932637671223296
979,2981,1042,748705597323898880
980,5102,1767,748699167502000129
981,4568,1471,748692773788876800
982,6547,2204,748575535303884801
983,2349,746,748568946752774144
984,5620,1367,748346686624440324
985,8271,4564,748337862848962560
986,3996,844,748324050481647620
987,3959,792,748307329658011649
988,15213,8605,748220828303695873
989,6250,2378,747963614829678593
990,7143,2816,747933425676525569
991,3179,1093,747885874273214464
992,3021,823,747844099428986880
993,5229,1284,747816857231626240
994,1486,174,747651430853525504
995,13883,6446,747648653817413632
996,2500,602,747600769478692864
997,3970,1165,747594051852075008
998,5985,1744,747512671126323200
999,4163,1144,747461612269887489
1000,5854,2129,747439450712596480
1001,0,3178,747242308580548608
1002,5682,1738,747219827526344708
1003,3644,1010,747204161125646336
1004,10325,4423,747103485104099331
1005,3101,328,746906459439529985
1006,6444,2366,746872823977771008
1007,5691,1893,746818907684614144
1008,5235,1760,746790600704425984
1009,10268,4292,746757706116112384
1010,6495,1972,746726898085036033
1011,5417,2054,746542875601690625
1012,0,1084,746521445350707200
1013,4988,1191,746507379341139972
1014,6501,1811,746369468511756288
1015,7411,2426,746131877086527488
1016,3810,906,746056683365994496
1017,4348,1172,745789745784041472
1018,7487,2560,745712589599014916
1019,7642,2797,745433870967832576
1020,9218,2688,745422732645535745
1021,7693,3055,745314880350101504
1022,8409,3873,745074613265149952
1023,7776,2515,745057283344719872
1024,3209,692,744995568523612160
1025,8453,2961,744971049620602880
1026,6009,1712,744709971296780288
1027,7253,2359,744334592493166593
1028,128365,77409,744234799360020481
1029,1826,411,744223424764059648
1030,4456,1199,743980027717509120
1031,3914,1052,743895849529389061
1032,0,2307,743835915802583040
1033,4811,1512,743609206067040256
1034,19814,7224,743595368194129920
1035,3775,1035,743545585370791937
1036,8467,4062,743510151680958465
1037,4533,1330,743253157753532416
1038,6652,2098,743222593470234624
1039,4113,1503,743210557239623680
1040,7565,3897,742534281772302336
1041,4772,2185,742528092657332225
1042,7783,4254,742465774154047488
1043,10563,4182,742423170473463808
1044,7288,2189,742385895052087300
1045,4653,1510,742161199639494656
1046,5523,1714,742150209887731712
1047,4877,1659,741793263812808706
1048,8755,3035,741743634094141440
1049,3940,917,741438259667034112
1050,9409,3553,741303864243200000
1051,10743,6073,741099773336379392
1052,10115,3400,741067306818797568
1053,6863,3040,740995100998766593
1054,3653,1025,740711788199743490
1055,3036,855,740699697422163968
1056,19433,7481,740676976021798912
1057,37170,14622,740373189193256964
1058,2660,480,740365076218183684
1059,3535,938,740359016048689152
1060,7167,2160,740214038584557568
1061,21379,6509,739979191639244800
1062,4340,1184,739932936087216128
1063,4062,934,739844404073074688
1064,4087,1500,739623569819336705
1065,5773,1818,739606147276148736
1066,42633,23555,739544079319588864
1067,7724,3226,739485634323156992
1068,73374,50911,739238157791694849
1069,115,6,738891149612572673
1070,4034,1247,738885046782832640
1071,3575,890,738883359779196928
1072,5459,1715,738537504001953792
1073,3512,934,738402415918125056
1074,4625,1326,738184450748633089
1075,9421,3739,738166403467907072
1076,2708,725,738156290900254721
1077,5639,1943,737826014890496000
1078,10691,3797,737800304142471168
1079,5403,1466,737678689543020544
1080,11050,4897,737445876994609152
1081,3862,882,737322739594330112
1082,15701,8119,737310737551491075
1083,4619,1912,736736130620620800
1084,19014,8161,736392552031657984
1085,4284,1365,736365877722001409
1086,8703,3031,736225175608430592
1087,8463,3257,736010884653420544
1088,3858,1259,735991953473572864
1089,4301,1198,735648611367784448
1090,6626,2589,735635087207878657
1091,13909,5572,735274964362878976
1092,3595,967,735256018284875776
1093,3348,1056,735137028879360001
1094,2923,564,734912297295085568
1095,13432,6900,734787690684657664
1096,2682,590,734776360183431168
1097,1601,432,734559631394082816
1098,3843,853,733828123016450049
1099,3927,1104,733822306246479872
1100,3358,1039,733482008106668032
1101,4497,1406,733460102733135873
1102,45432,17347,733109485275860992
1103,2607,586,732732193018155009
1104,3775,967,732726085725589504
1105,3940,847,732585889486888962
1106,8632,2752,732375214819057664
1107,15964,5974,732005617171337216
1108,3728,1074,731285275100512256
1109,4094,1390,731156023742988288
1110,6547,2168,730924654643314689
1111,5266,2361,730573383004487680
1112,3707,1141,730427201120833536
1113,4095,1148,730211855403241472
1114,5220,2114,730196704625098752
1115,4299,1221,729854734790754305
1116,1818,418,729838605770891264
1117,4263,1358,729823566028484608
1118,6210,2518,729463711119904772
1119,2017,360,729113531270991872
1120,3384,893,728986383096946689
1121,4987,1852,728760639972315136
1122,2987,741,728751179681943552
1123,3542,1139,728653952833728512
1124,5262,2202,728409960103686147
1125,3925,1044,728387165835677696
1126,4607,1283,728046963732717569
1127,4857,1833,728035342121635841
1128,4384,1195,728015554473250816
1129,3130,696,727685679342333952
1130,6303,1913,727644517743104000
1131,4774,1338,727524757080539137
1132,3547,816,727314416056803329
1133,3239,897,727286334147182592
1134,4132,1494,727175381690781696
1135,3882,1448,727155742655025152
1136,7345,2672,726935089318363137
1137,4099,1643,726887082820554753
1138,3790,1099,726828223124897792
1139,4711,1268,726224900189511680
1140,7524,2891,725842289046749185
1141,4450,1483,725786712245440512
1142,5533,1946,725729321944506368
1143,1508,679,725458796924002305
1144,3958,1429,724983749226668032
1145,2533,699,724771698126512129
1146,5668,1802,724405726123311104
1147,4627,1929,724049859469295616
1148,2844,607,724046343203856385
1149,4472,1731,724004602748780546
1150,4141,1338,723912936180330496
1151,8234,3254,723688335806480385
1152,3228,973,723673163800948736
1153,5653,2051,723179728551723008
1154,4386,1716,722974582966214656
1155,5288,1789,722613351520608256
1156,4980,2050,721503162398597120
1157,2687,669,721001180231503872
1158,3326,842,720785406564900865
1159,2641,743,720775346191278080
1160,4401,1628,720415127506415616
1161,6843,2759,720389942216527872
1162,3061,1064,720340705894408192
1163,4145,1236,720059472081784833
1164,5225,2186,720043174954147842
1165,5156,1913,719991154352222208
1166,4868,1587,719704490224398336
1167,5391,2114,719551379208073216
1168,2976,804,719367763014393856
1169,4704,1361,719339463458033665
1170,3636,1042,719332531645071360
1171,3720,1202,718971898235854848
1172,5596,1916,718939241951195136
1173,20210,8837,718631497683582976
1174,2610,527,718613305783398402
1175,2655,1103,718540630683709445
1176,2884,582,718460005985447936
1177,5205,1642,718454725339934721
1178,2054,547,718246886998687744
1179,4126,1091,718234618122661888
1180,2612,649,717841801130979328
1181,3092,1232,717790033953034240
1182,6147,2010,717537687239008257
1183,1708,497,717428917016076293
1184,3367,922,717421804990701568
1185,6680,2080,717047459982213120
1186,3491,1069,717009362452090881
1187,4547,1279,716802964044845056
1188,5896,1516,716791146589110272
1189,1308,460,716730379797970944
1190,13995,6422,716447146686459905
1191,2518,240,716439118184652801
1192,2966,1190,716285507865542656
1193,5214,1900,716080869887381504
1194,3415,957,715928423106027520
1195,3984,1555,715758151270801409
1196,4974,1853,715733265223708672
1197,2991,616,715704790270025728
1198,4162,1410,715696743237730304
1199,4610,1771,715680795826982913
1200,5838,1716,715360349751484417
1201,3222,747,715342466308784130
1202,2570,716,715220193576927233
1203,5463,2056,715200624753819648
1204,4447,1351,715009755312439296
1205,4005,1130,714982300363173890
1206,7850,4669,714962719905021952
1207,4410,1550,714957620017307648
1208,3485,1091,714631576617938945
1209,3858,1017,714606013974974464
1210,2893,1271,714485234495041536
1211,3207,783,714258258790387713
1212,3486,918,714251586676113411
1213,2422,961,714214115368108032
1214,4582,1530,714141408463036416
1215,3486,850,713919462244790272
1216,2035,598,713909862279876608
1217,3015,811,713900603437621249
1218,5191,1499,713761197720473600
1219,4706,1410,713411074226274305
1220,7680,3101,713177543487135744
1221,4759,1588,713175907180089344
1222,19865,7356,712809025985978368
1223,13191,5452,712717840512598017
1224,4443,1328,712668654853337088
1225,5677,1704,712438159032893441
1226,261,25,712309440758808576
1227,4053,1135,712097430750289920
1228,3137,984,712092745624633345
1229,3451,533,712085617388212225
1230,2414,685,712065007010385924
1231,0,137,711998809858043904
1232,8595,2522,711968124745228288
1233,3032,1074,711743778164514816
1234,9512,4512,711732680602345472
1235,35091,19940,711694788429553666
1236,4125,1001,711652651650457602
1237,3909,1244,711363825979756544
1238,3530,797,711306686208872448
1239,3199,684,711008018775851008
1240,4859,1517,710997087345876993
1241,2721,749,710844581445812225
1242,2875,587,710833117892898816
1243,2464,617,710658690886586372
1244,5126,2563,710609963652087808
1245,4871,2052,710588934686908417
1246,2531,803,710296729921429505
1247,2275,564,710283270106132480
1248,4831,1377,710272297844797440
1249,2563,1228,710269109699739648
1250,3100,971,710153181850935296
1251,2955,976,710140971284037632
1252,5864,2175,710117014656950272
1253,3185,1171,709918798883774466
1254,719,109,709901256215666688
1255,3747,1301,709852847387627521
1256,3773,1320,709566166965075968
1257,3507,1164,709556954897764353
1258,1588,263,709519240576036864
1259,2373,646,709449600415961088
1260,2798,763,709409458133323776
1261,2560,627,709225125749587968
1262,13459,6376,709207347839836162
1263,2573,699,709198395643068416
1264,2151,736,709179584944730112
1265,2187,454,709158332880297985
1266,5090,1800,709042156699303936
1267,1911,718,708853462201716736
1268,3169,979,708845821941387268
1269,1822,549,708834316713893888
1270,17646,7613,708810915978854401
1271,2928,887,708738143638450176
1272,2726,796,708711088997666817
1273,2722,740,708479650088034305
1274,3281,894,708469915515297792
1275,17117,11054,708400866336894977
1276,3855,1472,708356463048204288
1277,2513,806,708349470027751425
1278,4563,1688,708149363256774660
1279,3621,915,708130923141795840
1280,2870,1067,708119489313951744
1281,2068,590,708109389455101952
1282,4665,2104,708026248782585858
1283,3317,1227,707995814724026368
1284,51,2,707983188426153984
1285,2880,1060,707969809498152960
1286,3501,1037,707776935007539200
1287,2660,669,707741517457260545
1288,4383,2702,707738799544082433
1289,3658,1095,707693576495472641
1290,2760,959,707629649552134146
1291,18136,7023,707610948723478529
1292,2440,764,707420581654872064
1293,2429,653,707411934438625280
1294,3750,1428,707387676719185920
1295,3521,1178,707377100785885184
1296,2636,704,707315916783140866
1297,2947,877,707297311098011648
1298,2751,740,707059547140169728
1299,2355,877,707038192327901184
1300,4342,1501,707021089608753152
1301,2463,647,707014260413456384
1302,15583,8583,706904523814649856
1303,2212,662,706901761596989440
1304,3549,1060,706681918348251136
1305,2759,1195,706644897839910912
1306,2309,688,706593038911545345
1307,3698,1541,706538006853918722
1308,3312,1128,706516534877929472
1309,3682,1004,706346369204748288
1310,22948,8755,706310011488698368
1311,1818,511,706291001778950144
1312,2914,1003,706265994973601792
1313,4192,2439,706169069255446529
1314,5511,1765,706166467411222528
1315,1599,420,706153300320784384
1316,3322,809,705975130514706432
1317,3366,976,705970349788291072
1318,2540,620,705898680587526145
1319,2090,580,705786532653883392
1320,3396,1265,705591895322394625
1321,3169,1012,705475953783398401
1322,4767,1805,705442520700944385
1323,4084,1861,705428427625635840
1324,3210,819,705239209544720384
1325,2762,881,705223444686888960
1326,2300,565,705102439679201280
1327,2326,662,705066031337840642
1328,4542,1218,704871453724954624
1329,2411,600,704859558691414016
1330,5475,1683,704847917308362754
1331,2833,1106,704819833553219584
1332,7110,3178,704761120771465216
1333,3148,1090,704499785726889984
1334,819,92,704491224099647488
1335,3642,1158,704480331685040129
1336,8611,3887,704364645503647744
1337,1693,386,704347321748819968
1338,1623,509,704134088924532736
1339,1990,616,704113298707505153
1340,3133,1002,704054845121142784
1341,1977,510,703774238772166656
1342,3527,1242,703769065844768768
1343,2779,757,703631701117943808
1344,4134,1665,703611486317502464
1345,4077,1513,703425003149250560
1346,2638,761,703407252292673536
1347,3753,1252,703382836347330562
1348,2041,423,703356393781329922
1349,2107,607,703268521220972544
1350,7903,3382,703079050210877440
1351,28318,13750,703041949650034688
1352,2776,794,702932127499816960
1353,1730,493,702899151802126337
1354,3442,1179,702684942141153280
1355,2344,613,702671118226825216
1356,11082,3598,702598099714314240
1357,3074,1055,702539513671897089
1358,3424,1702,702332542343577600
1359,3518,1129,702321140488925184
1360,2647,834,702276748847800320
1361,5148,1469,702217446468493312
1362,3685,1083,701981390485725185
1363,4087,1113,701952816642965504
1364,3820,1510,701889187134500865
1365,3671,1851,701805642395348998
1366,2237,504,701601587219795968
1367,3014,1023,701570477911896070
1368,2840,664,701545186879471618
1369,13128,5626,701214700881756160
1370,2384,629,700890391244103680
1371,2778,669,700864154249383937
1372,2605,545,700847567345688576
1373,2612,1046,700796979434098688
1374,24512,10296,700747788515020802
1375,2819,874,700518061187723268
1376,2442,624,700505138482569216
1377,4443,1973,700462010979500032
1378,2840,818,700167517596164096
1379,2401,726,700151421916807169
1380,8083,3026,700143752053182464
1381,2826,760,700062718104104960
1382,2213,636,700029284593901568
1383,3544,1474,700002074055016451
1384,3267,1057,699801817392291840
1385,2410,542,699788877217865730
1386,2962,1356,699779630832685056
1387,2097,668,699775878809702401
1388,10993,5028,699691744225525762
1389,6360,2861,699446877801091073
1390,2327,559,699434518667751424
1391,1468,362,699423671849451520
1392,2209,675,699413908797464576
1393,2012,482,699370870310113280
1394,3383,950,699323444782047232
1395,2394,691,699088579889332224
1396,2623,717,699079609774645248
1397,3219,1294,699072405256409088
1398,4051,1987,699060279947165696
1399,2795,1308,699036661657767936
1400,3631,1080,698989035503689728
1401,2904,984,698953797952008193
1402,2726,680,698907974262222848
1403,2655,752,698710712454139905
1404,1557,413,698703483621523456
1405,1375,374,698635131305795584
1406,2487,679,698549713696649216
1407,2005,492,698355670425473025
1408,2433,1041,698342080612007937
1409,5097,2203,698262614669991936
1410,17992,6552,698195409219559425
1411,3014,806,698178924120031232
1412,1631,364,697995514407682048
1413,3524,1417,697990423684476929
1414,2572,756,697943111201378304
1415,3243,1299,697881462549430272
1416,1870,591,697630435728322560
1417,3382,1105,697616773278015490
1418,3246,1379,697596423848730625
1419,2191,552,697575480820686848
1420,2225,1243,697516214579523584
1421,2593,742,697482927769255936
1422,3655,1512,697463031882764288
1423,5006,2035,697270446429966336
1424,3525,1091,697259378236399616
1425,3240,1272,697255105972801536
1426,2697,732,697242256848379904
1427,3425,1124,696900204696625153
1428,2521,739,696894894812565505
1429,5182,1958,696886256886657024
1430,2622,781,696877980375769088
1431,1578,388,696754882863349760
1432,2232,1038,696744641916489729
1433,2546,716,696713835009417216
1434,4185,1850,696518437233913856
1435,1311,162,696490539101908992
1436,2726,1130,696488710901260288
1437,3443,1247,696405997980676096
1438,2078,726,696100768806522880
1439,3213,1281,695816827381944320
1440,3411,852,695794761660297217
1441,2005,819,695767669421768709
1442,4906,2311,695629776980148225
1443,4666,1979,695446424020918272
1444,9225,3908,695409464418041856
1445,3914,1619,695314793360662529
1446,2823,674,695095422348574720
1447,3046,1209,695074328191332352
1448,1722,659,695064344191721472
1449,2858,864,695051054296211456
1450,2892,1007,694925794720792577
1451,2966,1028,694905863685980160
1452,38214,15842,694669722378485760
1453,1615,317,694356675654983680
1454,2184,679,694352839993344000
1455,1687,531,694342028726001664
1456,2151,548,694329668942569472
1457,4489,2238,694206574471057408
1458,3152,1014,694183373896572928
1459,3629,1132,694001791655137281
1460,2004,443,693993230313091072
1461,1852,404,693942351086120961
1462,2893,650,693647888581312512
1463,1439,142,693644216740769793
1464,2726,455,693642232151285760
1465,2630,878,693629975228977152
1466,1650,406,693622659251335168
1467,5435,2158,693590843962331137
1468,1759,281,693582294167244802
1469,1899,684,693486665285931008
1470,3599,1362,693280720173801472
1471,2557,899,693267061318012928
1472,2395,549,693262851218264065
1473,3066,804,693231807727280129
1474,8466,3513,693155686491000832
1475,1844,672,693109034023534592
1476,2011,506,693095443459342336
1477,2863,816,692919143163629568
1478,2610,964,692905862751522816
1479,1919,661,692901601640583168
1480,2445,884,692894228850999298
1481,3086,964,692828166163931137
1482,7317,3989,692752401762250755
1483,4647,1684,692568918515392513
1484,3426,1487,692535307825213440
1485,1978,458,692530551048294401
1486,1579,253,692423280028966913
1487,10048,3809,692417313023332352
1488,2698,901,692187005137076224
1489,2310,876,692158366030913536
1490,1759,430,692142790915014657
1491,3643,1393,692041934689402880
1492,3073,1051,692017291282812928
1493,4228,1803,691820333922455552
1494,8725,4608,691793053716221953
1495,3102,1123,691756958957883396
1496,2079,559,691675652215414786
1497,2543,629,691483041324204033
1498,4353,1254,691459709405118465
1499,2841,932,691444869282295808
1500,20769,8398,691416866452082688
1501,2766,723,691321916024623104
1502,3175,983,691096613310316544
1503,1828,372,691090071332753408
1504,6349,3161,690989312272396288
1505,3831,1382,690959652130045952
1506,4440,2189,690938899477221376
1507,3529,1117,690932576555528194
1508,4043,1406,690735892932222976
1509,2321,570,690728923253055490
1510,2490,868,690690673629138944
1511,1401,307,690649993829576704
1512,310,19,690607260360429569
1513,2106,659,690597161306841088
1514,2000,495,690400367696297985
1515,3485,950,690374419777196032
1516,2852,977,690360449368465409
1517,1610,559,690348396616552449
1518,1803,454,690248561355657216
1519,2996,1137,690021994562220032
1520,2686,808,690015576308211712
1521,3919,1852,690005060500217858
1522,1524,413,689999384604450816
1523,1577,502,689993469801164801
1524,1462,489,689977555533848577
1525,2595,759,689905486972461056
1526,3235,1304,689877686181715968
1527,2318,825,689835978131935233
1528,3422,1015,689661964914655233
1529,11163,4279,689659372465688576
1530,2402,717,689623661272240129
1531,12482,6070,689599056876867584
1532,2206,509,689557536375177216
1533,3636,1568,689517482558820352
1534,2411,1014,689289219123089408
1535,3526,1212,689283819090870273
1536,2145,788,689280876073582592
1537,1240,272,689275259254616065
1538,2751,1181,689255633275777024
1539,3282,1102,689154315265683456
1540,2180,568,689143371370250240
1541,2929,959,688916208532455424
1542,2269,847,688908934925697024
1543,2250,865,688898160958271489
1544,2391,770,688894073864884227
1545,1473,406,688828561667567616
1546,1024,215,688804835492233216
1547,2376,728,688789766343622656
1548,2792,770,688547210804498433
1549,2471,799,688519176466644993
1550,9982,4891,688385280030670848
1551,2382,919,688211956440801280
1552,2267,645,688179443353796608
1553,3021,862,688116655151435777
1554,1837,395,688064179421470721
1555,5874,2788,687841446767013888
1556,2928,1253,687826841265172480
1557,2685,1049,687818504314159109
1558,2561,767,687807801670897665
1559,1890,723,687732144991551489
1560,2617,929,687704180304273409
1561,2080,564,687664829264453632
1562,2052,632,687494652870668288
1563,1712,273,687480748861947905
1564,2123,592,687476254459715584
1565,2188,594,687460506001633280
1566,2033,687,687399393394311168
1567,21575,10077,687317306314240000
1568,4670,2090,687312378585812992
1569,5864,2517,687127927494963200
1570,2320,557,687124485711986689
1571,6220,2717,687109925361856513
1572,2508,1091,687102708889812993
1573,2403,672,687096057537363968
1574,9235,3488,686947101016735744
1575,3764,1508,686760001961103360
1576,3728,1608,686749460672679938
1577,4450,1316,686730991906516992
1578,3008,884,686683045143953408
1579,3944,1495,686618349602762752
1580,2022,594,686606069955735556
1581,1884,752,686394059078897668
1582,3477,974,686386521809772549
1583,2376,621,686377065986265092
1584,2355,751,686358356425093120
1585,4288,1836,686286779679375361
1586,2366,810,686050296934563840
1587,1241,134,686035780142297088
1588,3344,1288,686034024800862208
1589,2648,460,686007916130873345
1590,1953,704,686003207160610816
1591,2264,590,685973236358713344
1592,1758,674,685943807276412928
1593,8077,3199,685906723014619143
1594,2173,139,685681090388975616
1595,2505,635,685667379192414208
1596,3479,1606,685663452032069632
1597,3139,854,685641971164143616
1598,35379,17239,685547936038666240
1599,3263,1269,685532292383666176
1600,10191,4397,685325112850124800
1601,2842,712,685321586178670592
1602,3588,1187,685315239903100929
1603,2213,482,685307451701334016
1604,3333,1333,685268753634967552
1605,2492,736,685198997565345792
1606,4388,1568,685169283572338688
1607,2457,422,684969860808454144
1608,7147,3440,684959798585110529
1609,3447,1152,684940049151070208
1610,3763,523,684926975086034944
1611,3755,1609,684914660081053696
1612,2007,586,684902183876321280
1613,2250,911,684880619965411328
1614,37667,23748,684830982659280897
1615,2910,1090,684800227459624960
1616,9582,3893,684594889858887680
1617,4414,1550,684588130326986752
1618,3223,1361,684567543613382656
1619,2845,1061,684538444857667585
1620,4145,1288,684481074559381504
1621,2113,611,684460069371654144
1622,8757,3627,684241637099323392
1623,1328,232,684225744407494656
1624,4123,1522,684222868335505415
1625,2326,1134,684200372118904832
1626,2053,571,684195085588783105
1627,3731,1294,684188786104872960
1628,2165,739,684177701129875456
1629,3194,1648,684147889187209216
1630,2132,525,684122891630342144
1631,4406,1577,684097758874210310
1632,4063,1225,683857920510050305
1633,2062,385,683852578183077888
1634,2811,1079,683849932751646720
1635,2810,1216,683834909291606017
1636,2988,1160,683828599284170753
1637,3591,1487,683773439333797890
1638,6990,3668,683742671509258241
1639,7894,3194,683515932363329536
1640,3393,1053,683498322573824003
1641,2817,1088,683481228088049664
1642,2613,736,683462770029932544
1643,4174,1770,683449695444799489
1644,8150,2620,683391852557561860
1645,3162,1035,683357973142474752
1646,3085,1148,683142553609318400
1647,3647,1005,683111407806746624
1648,2320,717,683098815881154561
1649,2128,617,683078886620553216
1650,2313,805,683030066213818368
1651,39739,18399,682962037429899265
1652,1898,204,682808988178739200
1653,2647,1232,682788441537560576
1654,1629,479,682750546109968385
1655,1409,393,682697186228989953
1656,3264,1178,682662431982772225
1657,2203,659,682638830361513985
1658,3674,1275,682429480204398592
1659,8123,1944,682406705142087680
1660,2385,750,682393905736888321
1661,1787,511,682389078323662849
1662,3299,1097,682303737705140231
1663,4471,1345,682259524040966145
1664,3484,1300,682242692827447297
1665,19660,10927,682088079302213632
1666,5315,1865,682059653698686977
1667,3439,1063,682047327939461121
1668,7052,2218,682032003584274432
1669,3374,1676,682003177596559360
1670,2967,1132,681981167097122816
1671,2644,915,681891461017812993
1672,13692,4444,681694085539872773
1673,1881,488,681679526984871937
1674,2832,1022,681654059175129088
1675,2049,518,681610798867845120
1676,3802,1443,681579835668455424
1677,15356,6406,681523177663676416
1678,1757,305,681340665377193984
1679,9946,4462,681339448655802368
1680,2849,840,681320187870711809
1681,4227,2012,681302363064414209
1682,3404,1054,681297372102656000
1683,3440,1210,681281657291280384
1684,1556,300,681261549936340994
1685,1602,601,681242418453299201
1686,2558,529,681231109724700672
1687,3970,1636,681193455364796417
1688,2595,725,680970795137544192
1689,4873,2182,680959110691590145
1690,3451,1165,680940246314430465
1691,2222,484,680934982542561280
1692,2557,679,680913438424612864
1693,1891,403,680889648562991104
1694,3686,1468,680836378243002368
1695,2318,724,680805554198020098
1696,2535,906,680801747103793152
1697,3057,1145,680798457301471234
1698,2822,784,680609293079592961
1699,3853,1473,680583894916304897
1700,4529,2102,680497766108381184
1701,1832,528,680494726643068929
1702,2711,821,680473011644985345
1703,1550,552,680440374763077632
1704,1556,317,680221482581123072
1705,3033,1290,680206703334408192
1706,2293,560,680191257256136705
1707,4167,1714,680176173301628928
1708,2472,801,680161097740095489
1709,3868,1908,680145970311643136
1710,2452,1043,680130881361686529
1711,2898,1003,680115823365742593
1712,3810,1504,680100725817409536
1713,13667,9771,680085611152338944
1714,2745,962,680070545539371008
1715,17868,7822,680055455951884288
1716,2100,706,679877062409191424
1717,2311,724,679872969355714560
1718,2632,684,679862121895714818
1719,3071,1356,679854723806179328
1720,2536,856,679844490799091713
1721,38785,15386,679828447187857408
1722,3297,1232,679777920601223168
1723,2240,882,679736210798047232
1724,2313,906,679729593985699840
1725,1770,520,679722016581222400
1726,5083,2275,679530280114372609
1727,2831,802,679527802031484928
1728,3605,1414,679511351870550016
1729,3382,1629,679503373272485890
1730,2247,703,679475951516934144
1731,33998,20686,679462823135686656
1732,2541,1328,679405845277462528
1733,22979,8911,679158373988876288
1734,2960,1130,679148763231985668
1735,3168,1274,679132435750195208
1736,6377,2811,679111216690831360
1737,18273,9036,679062614270468097
1738,2409,751,679047485189439488
1739,3017,1351,679001094530465792
1740,2486,1283,678991772295516161
1741,1746,506,678969228704284672
1742,2744,988,678800283649069056
1743,3722,1302,678798276842360832
1744,2966,1011,678774928607469569
1745,3763,1507,678767140346941444
1746,1740,526,678764513869611008
1747,7628,3637,678755239630127104
1748,4000,1871,678740035362037760
1749,5934,2669,678708137298427904
1750,3070,1633,678675843183484930
1751,2185,468,678643457146150913
1752,4262,1727,678446151570427904
1753,5779,2788,678424312106393600
1754,4523,1999,678410210315247616
1755,61846,30271,678399652199309312
1756,1690,459,678396796259975168
1757,1991,459,678389028614488064
1758,2593,987,678380236862578688
1759,1839,590,678341075375947776
1760,1383,292,678334497360859136
1761,12231,6645,678278586130948096
1762,1686,407,678255464182861824
1763,2049,426,678023323247357953
1764,14655,6957,678021115718029313
1765,3625,1830,677961670166224897
1766,1435,445,677918531514703872
1767,5143,2314,677895101218201600
1768,3243,1065,677716515794329600
1769,3600,1566,677700003327029250
1770,1299,348,677698403548192770
1771,2626,918,677687604918272002
1772,3544,1632,677673981332312066
1773,2077,1064,677662372920729601
1774,1997,868,677644091929329666
1775,2271,798,677573743309385728
1776,1370,499,677565715327688705
1777,2590,1270,677557565589463040
1778,7370,3959,677547928504967168
1779,1130,244,677530072887205888
1780,3244,1950,677335745548390400
1781,1438,320,677334615166730240
1782,1155,258,677331501395156992
1783,3856,1632,677328882937298944
1784,1749,586,677314812125323265
1785,1319,451,677301033169788928
1786,2107,767,677269281705472000
1787,3753,1782,677228873407442944
1788,2899,1000,677187300187611136
1789,2939,1168,676975532580409345
1790,2337,883,676957860086095872
1791,1373,428,676949632774234114
1792,2297,951,676948236477857792
1793,1802,410,676946864479084545
1794,2200,831,676942428000112642
1795,13477,5352,676936541936185344
1796,3150,1951,676916996760600576
1797,2380,788,676897532954456065
1798,2230,781,676864501615042560
1799,24477,17020,676821958043033607
1800,1909,721,676819651066732545
1801,1501,458,676811746707918848
1802,5278,2186,676776431406465024
1803,3063,1070,676617503762681856
1804,1150,210,676613908052996102
1805,1991,478,676606785097199616
1806,1235,425,676603393314578432
1807,4839,2342,676593408224403456
1808,976,139,676590572941893632
1809,2470,865,676588346097852417
1810,1272,305,676582956622721024
1811,2731,1221,676575501977128964
1812,1980,604,676533798876651520
1813,1598,580,676496375194980353
1814,12328,5078,676470639084101634
1815,1818,728,676440007570247681
1816,1474,373,676430933382295552
1817,2186,591,676263575653122048
1818,1290,321,676237365392908289
1819,79087,33720,676219687039057920
1820,1832,638,676215927814406144
1821,2402,1112,676191832485810177
1822,2026,724,676146341966438401
1823,2266,1265,676121918416756736
1824,2962,1250,676101918813499392
1825,3186,1561,676098748976615425
1826,1386,462,676089483918516224
1827,1728,629,675898130735476737
1828,2248,946,675891555769696257
1829,2514,1037,675888385639251968
1830,4418,1526,675878199931371520
1831,1735,611,675870721063669760
1832,2843,1410,675853064436391936
1833,999,165,675849018447167488
1834,2410,966,675845657354215424
1835,1608,574,675822767435051008
1836,1110,247,675820929667219457
1837,10828,3661,675798442703122432
1838,1702,513,675781562965868544
1839,1224,373,675740360753160193
1840,1996,899,675710890956750848
1841,2101,746,675707330206547968
1842,679,103,675706639471788032
1843,1905,452,675534494439489536
1844,1243,416,675531475945709568
1845,1093,307,675522403582218240
1846,1377,492,675517828909424640
1847,18061,6278,675501075957489664
1848,3309,1403,675497103322386432
1849,1362,643,675489971617296384
1850,1943,1048,675483430902214656
1851,1597,613,675432746517426176
1852,1798,545,675372240448454658
1853,1102,250,675362609739206656
1854,34457,18486,675354435921575936
1855,4141,2444,675349384339542016
1856,2921,1389,675334060156301312
1857,3808,1744,675166823650848770
1858,6615,2808,675153376133427200
1859,3932,1816,675149409102012420
1860,994,260,675147105808306176
1861,1255,338,675146535592706048
1862,2242,967,675145476954566656
1863,1362,529,675135153782571009
1864,2052,842,675113801096802304
1865,1010,272,675111688094527488
1866,2926,1216,675109292475830276
1867,1110,354,675047298674663426
1868,2843,1290,675015141583413248
1869,1024,242,675006312288268288
1870,1625,505,675003128568291329
1871,2363,1190,674999807681908736
1872,906,380,674805413498527744
1873,3151,929,674800520222154752
1874,2632,1174,674793399141146624
1875,1152,271,674790488185167872
1876,845,223,674788554665512960
1877,2097,1299,674781762103414784
1878,1180,513,674774481756377088
1879,1922,858,674767892831932416
1880,825,258,674764817387900928
1881,1426,481,674754018082705410
1882,1540,501,674752233200820224
1883,1469,587,674743008475090944
1884,515,54,674742531037511680
1885,1173,422,674739953134403584
1886,673,99,674737130913071104
1887,1200,499,674690135443775488
1888,1692,699,674670581682434048
1889,961,271,674664755118911488
1890,1499,538,674646392044941312
1891,1074,295,674644256330530816
1892,1753,628,674638615994089473
1893,1566,615,674632714662858753
1894,984,108,674606911342424069
1895,6503,2207,674468880899788800
1896,1110,382,674447403907457024
1897,1167,420,674436901579923456
1898,1491,567,674422304705744896
1899,711,149,674416750885273600
1900,1248,500,674410619106390016
1901,1562,615,674394782723014656
1902,889,330,674372068062928900
1903,584,77,674330906434379776
1904,1478,551,674318007229923329
1905,11853,7426,674307341513269249
1906,15444,6327,674291837063053312
1907,1636,777,674271431610523648
1908,935,245,674269164442398721
1909,1711,900,674265582246694913
1910,1355,488,674262580978937856
1911,1530,600,674255168825880576
1912,783,181,674082852460433408
1913,1020,305,674075285688614912
1914,6647,2378,674063288070742018
1915,3477,1398,674053186244734976
1916,1517,515,674051556661161984
1917,1476,688,674045139690631169
1918,750,136,674042553264685056
1919,1145,436,674038233588723717
1920,878,233,674036086168010753
1921,1868,1309,674024893172875264
1922,1179,322,674019345211760640
1923,1638,693,674014384960745472
1924,1252,376,674008982932058114
1925,2035,1032,673956914389192708
1926,1215,388,673919437611909120
1927,3326,1739,673906403526995968
1928,973,267,673887867907739649
1929,3211,813,673716320723169284
1930,3701,2233,673715861853720576
1931,1083,317,673711475735838725
1932,885,296,673709992831262724
1933,1116,308,673708611235921920
1934,1145,417,673707060090052608
1935,1306,422,673705679337693185
1936,1491,608,673700254269775872
1937,3965,2092,673697980713705472
1938,1816,689,673689733134946305
1939,1316,526,673688752737402881
1940,1505,465,673686845050527744
1941,1427,499,673680198160809984
1942,1301,384,673662677122719744
1943,747,258,673656262056419329
1944,1166,394,673636718965334016
1945,1655,773,673612854080196609
1946,1240,391,673583129559498752
1947,860,284,673580926094458881
1948,1439,596,673576835670777856
1949,1062,330,673363615379013632
1950,1517,711,673359818736984064
1951,1550,625,673355879178194945
1952,1719,575,673352124999274496
1953,761,223,673350198937153538
1954,2625,1371,673345638550134785
1955,1009,283,673343217010679808
1956,1317,630,673342308415348736
1957,14089,8453,673320132811366400
1958,901,281,673317986296586240
1959,7837,3376,673295268553605120
1960,1105,394,673270968295534593
1961,1473,771,673240798075449344
1962,2344,900,673213039743795200
1963,1771,668,673148804208660480
1964,2039,764,672997845381865473
1965,990,316,672995267319328768
1966,1008,305,672988786805112832
1967,1294,573,672984142909456390
1968,1874,1052,672980819271634944
1969,1753,975,672975131468300288
1970,994,375,672970152493887488
1971,1366,583,672968025906282496
1972,1475,680,672964561327235073
1973,1418,533,672902681409806336
1974,922,445,672898206762672129
1975,1618,879,672884426393653248
1976,1064,391,672877615439593473
1977,1366,608,672834301050937345
1978,1303,517,672828477930868736
1979,1009,340,672640509974827008
1980,1344,521,672622327801233409
1981,1270,622,672614745925664768
1982,1155,410,672609152938721280
1983,1157,431,672604026190569472
1984,1375,641,672594978741354496
1985,989,350,672591762242805761
1986,756,198,672591271085670400
1987,1066,394,672538107540070400
1988,675,181,672523490734551040
1989,1154,465,672488522314567680
1990,1178,640,672482722825261057
1991,739,129,672481316919734272
1992,1494,742,672475084225949696
1993,1412,572,672466075045466113
1994,6715,3588,672272411274932228
1995,1554,646,672267570918129665
1996,1190,363,672264251789176834
1997,2926,1652,672256522047614977
1998,1480,781,672254177670729728
1999,1790,639,672248013293752320
2000,712,164,672245253877968896
2001,926,335,672239279297454080
2002,1914,1064,672231046314901505
2003,813,224,672222792075620352
2004,2347,1224,672205392827572224
2005,1055,393,672169685991993344
2006,903,381,672160042234327040
2007,1822,766,672139350159835138
2008,2502,1210,672125275208069120
2009,1034,387,672095186491711488
2010,978,387,672082170312290304
2011,1347,545,672068090318987265
2012,8790,4393,671896809300709376
2013,1378,594,671891728106971137
2014,3599,1453,671882082306625538
2015,1477,728,671879137494245376
2016,1301,584,671874878652489728
2017,1168,530,671866342182637568
2018,955,483,671855973984772097
2019,7335,3688,671789708968640512
2020,1239,553,671768281401958400
2021,1747,975,671763349865160704
2022,1399,816,671744970634719232
2023,767,240,671743150407421952
2024,1499,791,671735591348891648
2025,8882,4630,671729906628341761
2026,13377,7680,671561002136281088
2027,951,219,671550332464455680
2028,1410,632,671547767500775424
2029,2071,1110,671544874165002241
2030,1135,598,671542985629241344
2031,962,417,671538301157904385
2032,1224,434,671536543010570240
2033,1070,610,671533943490011136
2034,875,272,671528761649688577
2035,1452,561,671520732782923777
2036,982,306,671518598289059840
2037,1680,770,671511350426865664
2038,7323,3742,671504605491109889
2039,956,472,671497587707535361
2040,1051,495,671488513339211776
2041,606,216,671486386088865792
2042,792,243,671485057807351808
2043,1470,782,671390180817915904
2044,1164,310,671362598324076544
2045,416,155,671357843010908160
2046,496,118,671355857343524864
2047,1010,459,671347597085433856
2048,767,227,671186162933985280
2049,1163,362,671182547775299584
2050,907,375,671166507850801152
2051,1731,1172,671163268581498880
2052,388,86,671159727754231808
2053,746,229,671154572044468225
2054,695,161,671151324042559489
2055,698,241,671147085991960577
2056,1211,690,671141549288370177
2057,965,425,671138694582165504
2058,776,204,671134062904504320
2059,3636,2685,671122204919246848
2060,1404,817,671115716440031232
2061,1189,463,671109016219725825
2062,1150,308,670995969505435648
2063,25515,9295,670842764863651840
2064,617,206,670840546554966016
2065,1158,736,670838202509447168
2066,462,132,670833812859932673
2067,763,231,670832455012716544
2068,5795,4313,670826280409919488
2069,803,201,670823764196741120
2070,633,102,670822709593571328
2071,3306,1643,670815497391357952
2072,1173,284,670811965569282048
2073,1189,519,670807719151067136
2074,2044,1004,670804601705242624
2075,351,93,670803562457407488
2076,756,248,670797304698376195
2077,867,292,670792680469889025
2078,689,254,670789397210615808
2079,627,213,670786190031921152
2080,850,419,670783437142401025
2081,1639,831,670782429121134593
2082,806,304,670780561024270336
2083,340,76,670778058496974848
2084,1115,450,670764103623966721
2085,466,120,670755717859713024
2086,996,537,670733412878163972
2087,865,390,670727704916926465
2088,1264,526,670717338665226240
2089,790,391,670704688707301377
2090,610,256,670691627984359425
2091,779,307,670679630144274432
2092,261,45,670676092097810432
2093,11157,5345,670668383499735048
2094,1588,809,670474236058800128
2095,364,89,670468609693655041
2096,1010,587,670465786746662913
2097,570,220,670452855871037440
2098,1235,710,670449342516494336
2099,6972,2090,670444955656130560
2100,676,206,670442337873600512
2101,1094,555,670435821946826752
2102,1461,687,670434127938719744
2103,335,121,670433248821026816
2104,1445,674,670428280563085312
2105,537,174,670427002554466305
2106,1363,680,670421925039075328
2107,655,332,670420569653809152
2108,589,341,670417414769758208
2109,2124,957,670411370698022913
2110,580,237,670408998013820928
2111,450,168,670403879788544000
2112,581,227,670385711116361728
2113,767,286,670374371102445568
2114,340,71,670361874861563904
2115,443,118,670338931251150849
2116,4006,1306,670319130621435904
2117,442,143,670303360680108032
2118,736,300,670290420111441920
2119,1077,357,670093938074779648
2120,725,267,670086499208155136
2121,2320,1335,670079681849372674
2122,1626,838,670073503555706880
2123,659,261,670069087419133954
2124,795,367,670061506722140161
2125,695,350,670055038660800512
2126,673,187,670046952931721218
2127,782,117,670040295598354432
2128,610,296,670037189829525505
2129,345,98,670003130994700288
2130,336,89,669993076832759809
2131,461,171,669972011175813120
2132,313,64,669970042633789440
2133,528,179,669942763794931712
2134,394,111,669926384437997569
2135,245,61,669923323644657664
2136,840,425,669753178989142016
2137,283,68,669749430875258880
2138,542,94,669684865554620416
2139,408,116,669683899023405056
2140,367,141,669682095984410625
2141,696,304,669680153564442624
2142,838,463,669661792646373376
2143,3676,1912,669625907762618368
2144,984,391,669603084620980224
2145,532,160,669597912108789760
2146,1547,988,669583744538451968
2147,450,153,669573570759163904
2148,1648,1060,669571471778410496
2149,243,60,669567591774625800
2150,401,130,669564461267722241
2151,378,81,669393256313184256
2152,1389,764,669375718304980992
2153,515,190,669371483794317312
2154,476,166,669367896104181761
2155,651,242,669363888236994561
2156,381,131,669359674819481600
2157,2815,1343,669354382627049472
2158,671,269,669353438988365824
2159,460,198,669351434509529089
2160,1050,440,669328503091937280
2161,599,121,669327207240699904
2162,513,216,669324657376567296
2163,938,407,669216679721873412
2164,460,178,669214165781868544
2165,1045,503,669203728096960512
2166,683,328,669037058363662336
2167,768,392,669015743032369152
2168,597,264,669006782128353280
2169,21671,6733,669000397445533696
2170,458,247,668994913074286592
2171,779,369,668992363537309700
2172,710,345,668989615043424256
2173,934,500,668988183816871936
2174,574,177,668986018524233728
2175,563,326,668981893510119424
2176,826,373,668979806671884288
2177,1364,619,668975677807423489
2178,154,25,668967877119254528
2179,736,251,668960084974809088
2180,295,74,668955713004314625
2181,281,61,668932921458302977
2182,330,106,668902994700836864
2183,412,161,668892474547511297
2184,548,313,668872652652679168
2185,470,174,668852170888998912
2186,456,147,668826086256599040
2187,595,285,668815180734689280
2188,732,396,668779399630725120
2189,551,229,668655139528511488
2190,934,573,668645506898350081
2191,922,561,668643542311546881
2192,1121,563,668641109086707712
2193,1083,510,668636665813057536
2194,2938,1744,668633411083464705
2195,745,338,668631377374486528
2196,332,122,668627278264475648
2197,410,140,668625577880875008
2198,1506,826,668623201287675904
2199,216,46,668620235289837568
2200,634,333,668614819948453888
2201,1732,1145,668587383441514497
2202,254,61,668567822092664832
2203,542,239,668544745690562560
2204,484,226,668542336805281792
2205,258,78,668537837512433665
2206,484,237,668528771708952576
2207,337,113,668507509523615744
2208,426,139,668496999348633600
2209,442,248,668484198282485761
2210,478,155,668480044826800133
2211,920,544,668466899341221888
2212,643,313,668297328638447616
2213,259,34,668291999406125056
2214,524,144,668286279830867968
2215,856,241,668274247790391296
2216,574,251,668268907921326080
2217,1352,650,668256321989451776
2218,1027,511,668248472370458624
2219,6441,3000,668237644992782336
2220,316,110,668226093875376128
2221,525,209,668221241640230912
2222,571,204,668204964695683073
2223,673,205,668190681446379520
2224,510,202,668171859951755264
2225,512,330,668154635664932864
2226,580,302,668142349051129856
2227,689,258,668113020489474048
2228,1319,838,667937095915278337
2229,309,117,667924896115245057
2230,217,58,667915453470232577
2231,511,318,667911425562669056
2232,876,390,667902449697558528
2233,1967,1150,667886921285246976
2234,846,508,667885044254572545
2235,402,124,667878741721415682
2236,651,427,667873844930215936
2237,3102,1084,667866724293877760
2238,250,81,667861340749471744
2239,294,65,667832474953625600
2240,1089,524,667806454573760512
2241,338,98,667801013445750784
2242,719,344,667793409583771648
2243,424,253,667782464991965184
2244,239,59,667773195014021121
2245,461,229,667766675769573376
2246,383,158,667728196545200128
2247,502,332,667724302356258817
2248,0,35,667550904950915073
2249,0,33,667550882905632768
2250,5980,2395,667549055577362432
2251,341,132,667546741521195010
2252,894,549,667544320556335104
2253,208,70,667538891197542400
2254,845,561,667534815156183040
2255,487,254,667530908589760512
2256,1751,1167,667524857454854144
2257,379,198,667517642048163840
2258,6987,2215,667509364010450944
2259,545,227,667502640335572993
2260,544,287,667495797102141441
2261,548,237,667491009379606528
2262,263,101,667470559035432960
2263,195,65,667455448082227200
2264,320,93,667453023279554560
2265,805,605,667443425659232256
2266,463,248,667437278097252352
2267,311,85,667435689202614272
2268,476,225,667405339315146752
2269,200,58,667393430834667520
2270,376,169,667369227918143488
2271,505,250,667211855547486208
2272,629,272,667200525029539841
2273,400,110,667192066997374976
2274,765,431,667188689915760640
2275,14748,6457,667182792070062081
2276,194,57,667177989038297088
2277,627,474,667176164155375616
2278,255,86,667174963120574464
2279,228,95,667171260800061440
2280,2756,1189,667165590075940865
2281,262,65,667160273090932737
2282,48966,17791,667152164079423490
2283,4737,2307,667138269671505920
2284,336,133,667119796878725120
2285,339,130,667090893657276420
2286,412,127,667073648344346624
2287,85,14,667070482143944705
2288,169,49,667065535570550784
2289,221,56,667062181243039745
2290,191,51,667044094246576128
2291,460,234,667012601033924608
2292,248,98,666996132027977728
2293,2615,1014,666983947667116034
2294,838,568,666837028449972224
2295,220,81,666835007768551424
2296,258,99,666826780179869698
2297,532,259,666817836334096384
2298,244,94,666804364988780544
2299,779,499,666786068205871104
2300,396,203,666781792255496192
2301,360,178,666776908487630848
2302,240,67,666739327293083650
2303,440,223,666701168228331520
2304,190,48,666691418707132416
2305,897,592,666649482315059201
2306,234,85,666644823164719104
2307,529,212,666454714377183233
2308,105,22,666447344410484738
2309,129,50,666437273139982337
2310,168,54,666435652385423360
2311,321,199,666430724426358785
2312,166,84,666428276349472768
2313,319,114,666421158376562688
2314,127,47,666418789513326592
2315,450,330,666411507551481857
2316,110,41,666407126856765440
2317,168,86,666396247373291520
2318,189,93,666373753744588802
2319,782,577,666362758909284353
2320,222,73,666353288456101888
2321,300,140,666345417576210432
2322,199,92,666337882303524864
2323,511,358,666293911632134144
2324,149,68,666287406224695296
2325,177,76,666273097616637952
2326,104,35,666268910803644416
2327,14402,6660,666104133288665088
2328,79,13,666102155909144576
2329,158,69,666099513787052032
2330,166,76,666094000022159362
2331,119,45,666082916733198337
2332,323,166,666073100786774016
2333,148,62,666071193221509120
2334,479,223,666063827256086533
2335,112,57,666058600524156928
2336,298,142,666057090499244032
2337,437,257,666055525042405380
2338,1229,854,666051853826850816
2339,132,58,666050758794694657
2340,109,40,666049248165822465
2341,298,141,666044226329800704
2342,125,44,666033412701032449
2343,130,47,666029285002620928
2344,2560,518,666020888022790149
